00.jpg
maRobot: 0

maHuma: 0

taulell: 0

pou: 0

extrems: 0

01.jpg
maRobot: 7
maRobot: [(22.4, 21.7, 2.3, 4.34), [2, 5], 0]
maRobot: [(22.4, 19.2, 2.3, 4.34), [2, 4], 0]
maRobot: [(22.4, 16.7, 2.3, 4.34), [1, 5], 0]
maRobot: [(22.4, 14.2, 2.3, 4.34), [2, 6], 0]
maRobot: [(22.4, 11.7, 2.3, 4.34), [0, 4], 0]
maRobot: [(22.4, 9.2, 2.3, 4.34), [5, 5], 0]
maRobot: [(22.4, 6.7, 2.3, 4.34), [3, 6], 0]

maHuma: 7
maHuma: [(-22.6, 21.7, 2.3, 4.34), [1, 6], 0]
maHuma: [(-22.6, 19.2, 2.3, 4.34), [0, 3], 0]
maHuma: [(-22.6, 16.7, 2.3, 4.34), [3, 5], 0]
maHuma: [(-22.6, 14.2, 2.3, 4.34), [6, 6], 0]
maHuma: [(-22.6, 11.7, 2.3, 4.34), [0, 5], 0]
maHuma: [(-22.6, 9.2, 2.3, 4.34), [0, 0], 0]
maHuma: [(-22.6, 6.7, 2.3, 4.34), [5, 6], 0]

taulell: 0

pou: 14
pou: [(6.15, 47.55, 1.9, 3.94), [0, 0], 1]
pou: [(3.65, 47.55, 1.9, 3.94), [0, 0], 1]
pou: [(1.15, 47.55, 1.9, 3.94), [0, 0], 1]
pou: [(-1.35, 47.55, 1.9, 3.94), [0, 0], 1]
pou: [(-3.85, 47.55, 1.9, 3.94), [0, 0], 1]
pou: [(-6.35, 47.55, 1.9, 3.94), [0, 0], 1]
pou: [(-8.85, 47.55, 1.9, 3.94), [0, 0], 1]
pou: [(-11.35, 47.55, 1.9, 3.94), [0, 0], 1]
pou: [(-13.85, 47.55, 1.9, 3.94), [0, 0], 1]
pou: [(-16.35, 47.55, 1.9, 3.94), [0, 0], 1]
pou: [(-18.85, 47.55, 1.9, 3.94), [0, 0], 1]
pou: [(-21.35, 47.55, 1.9, 3.94), [0, 0], 1]
pou: [(-23.85, 47.55, 1.9, 3.94), [0, 0], 1]
pou: [(-26.35, 47.55, 1.9, 3.94), [0, 0], 1]

extrems: 0

02.jpg
maRobot: 7
maRobot: [(22.4, 21.7, 2.3, 4.34), [2, 5], 0]
maRobot: [(22.4, 19.2, 2.3, 4.34), [2, 4], 0]
maRobot: [(22.4, 16.7, 2.3, 4.34), [1, 5], 0]
maRobot: [(22.4, 14.2, 2.3, 4.34), [2, 6], 0]
maRobot: [(22.4, 11.7, 2.3, 4.34), [0, 4], 0]
maRobot: [(22.4, 9.2, 2.3, 4.34), [5, 5], 0]
maRobot: [(22.4, 6.7, 2.3, 4.34), [3, 6], 0]

maHuma: 6
maHuma: [(-22.6, 21.7, 2.3, 4.34), [1, 6], 0]
maHuma: [(-22.6, 19.2, 2.3, 4.34), [0, 3], 0]
maHuma: [(-22.6, 16.7, 2.3, 4.34), [3, 5], 0]
maHuma: [(-22.6, 11.7, 2.3, 4.34), [0, 5], 0]
maHuma: [(-22.6, 9.2, 2.3, 4.34), [0, 0], 0]
maHuma: [(-22.6, 6.7, 2.3, 4.34), [5, 6], 0]

taulell: 1
taulell: [(0.3, 29.6, 4.3, 2.32), [6, 6], 1]

pou: 14
pou: [(6.15, 47.55, 1.9, 3.94), [0, 0], 1]
pou: [(3.65, 47.55, 1.9, 3.94), [0, 0], 1]
pou: [(1.15, 47.55, 1.9, 3.94), [0, 0], 1]
pou: [(-1.35, 47.55, 1.9, 3.94), [0, 0], 1]
pou: [(-3.85, 47.55, 1.9, 3.94), [0, 0], 1]
pou: [(-6.35, 47.55, 1.9, 3.94), [0, 0], 1]
pou: [(-8.85, 47.55, 1.9, 3.94), [0, 0], 1]
pou: [(-11.35, 47.55, 1.9, 3.94), [0, 0], 1]
pou: [(-13.85, 47.55, 1.9, 3.94), [0, 0], 1]
pou: [(-16.35, 47.55, 1.9, 3.94), [0, 0], 1]
pou: [(-18.85, 47.55, 1.9, 3.94), [0, 0], 1]
pou: [(-21.35, 47.55, 1.9, 3.94), [0, 0], 1]
pou: [(-23.85, 47.55, 1.9, 3.94), [0, 0], 1]
pou: [(-26.35, 47.55, 1.9, 3.94), [0, 0], 1]

extrems: 1
extrems: [(0.3, 29.6, 4.3, 2.32), [6, 6], 1, 6]

03.jpg
maRobot: 6
maRobot: [(22.4, 21.7, 2.3, 4.34), [2, 5], 0]
maRobot: [(22.4, 19.2, 2.3, 4.34), [2, 4], 0]
maRobot: [(22.4, 16.7, 2.3, 4.34), [1, 5], 0]
maRobot: [(22.4, 11.7, 2.3, 4.34), [0, 4], 0]
maRobot: [(22.4, 9.2, 2.3, 4.34), [5, 5], 0]
maRobot: [(22.4, 6.7, 2.3, 4.34), [3, 6], 0]

maHuma: 6
maHuma: [(-22.6, 21.7, 2.3, 4.34), [1, 6], 0]
maHuma: [(-22.6, 19.2, 2.3, 4.34), [0, 3], 0]
maHuma: [(-22.6, 16.7, 2.3, 4.34), [3, 5], 0]
maHuma: [(-22.6, 11.7, 2.3, 4.34), [0, 5], 0]
maHuma: [(-22.6, 9.2, 2.3, 4.34), [0, 0], 0]
maHuma: [(-22.6, 6.7, 2.3, 4.34), [5, 6], 0]

taulell: 2
taulell: [(-3.2, 29.7, 2.3, 4.34), [2, 6], 0]
taulell: [(0.3, 29.6, 4.3, 2.32), [6, 6], 1]

pou: 14
pou: [(6.15, 47.55, 1.9, 3.94), [0, 0], 1]
pou: [(3.65, 47.55, 1.9, 3.94), [0, 0], 1]
pou: [(1.15, 47.55, 1.9, 3.94), [0, 0], 1]
pou: [(-1.35, 47.55, 1.9, 3.94), [0, 0], 1]
pou: [(-3.85, 47.55, 1.9, 3.94), [0, 0], 1]
pou: [(-6.35, 47.55, 1.9, 3.94), [0, 0], 1]
pou: [(-8.85, 47.55, 1.9, 3.94), [0, 0], 1]
pou: [(-11.35, 47.55, 1.9, 3.94), [0, 0], 1]
pou: [(-13.85, 47.55, 1.9, 3.94), [0, 0], 1]
pou: [(-16.35, 47.55, 1.9, 3.94), [0, 0], 1]
pou: [(-18.85, 47.55, 1.9, 3.94), [0, 0], 1]
pou: [(-21.35, 47.55, 1.9, 3.94), [0, 0], 1]
pou: [(-23.85, 47.55, 1.9, 3.94), [0, 0], 1]
pou: [(-26.35, 47.55, 1.9, 3.94), [0, 0], 1]

extrems: 2
extrems: [(0.3, 29.6, 4.3, 2.32), [6, 6], 1, 6]
extrems: [(-3.2, 29.7, 2.3, 4.34), [2, 6], 0, 2]

04.jpg
maRobot: 6
maRobot: [(22.4, 21.7, 2.3, 4.34), [2, 5], 0]
maRobot: [(22.4, 19.2, 2.3, 4.34), [2, 4], 0]
maRobot: [(22.4, 16.7, 2.3, 4.34), [1, 5], 0]
maRobot: [(22.4, 11.7, 2.3, 4.34), [0, 4], 0]
maRobot: [(22.4, 9.2, 2.3, 4.34), [5, 5], 0]
maRobot: [(22.4, 6.7, 2.3, 4.34), [3, 6], 0]

maHuma: 5
maHuma: [(-22.6, 19.2, 2.3, 4.34), [0, 3], 0]
maHuma: [(-22.6, 16.7, 2.3, 4.34), [3, 5], 0]
maHuma: [(-22.6, 11.7, 2.3, 4.34), [0, 5], 0]
maHuma: [(-22.6, 9.2, 2.3, 4.34), [0, 0], 0]
maHuma: [(-22.6, 6.7, 2.3, 4.34), [5, 6], 0]

taulell: 3
taulell: [(1.1, 33.0, 2.3, 4.34), [6, 1], 0]
taulell: [(-3.2, 29.7, 2.3, 4.34), [2, 6], 0]
taulell: [(0.3, 29.6, 4.3, 2.32), [6, 6], 1]

pou: 14
pou: [(6.15, 47.55, 1.9, 3.94), [0, 0], 1]
pou: [(3.65, 47.55, 1.9, 3.94), [0, 0], 1]
pou: [(1.15, 47.55, 1.9, 3.94), [0, 0], 1]
pou: [(-1.35, 47.55, 1.9, 3.94), [0, 0], 1]
pou: [(-3.85, 47.55, 1.9, 3.94), [0, 0], 1]
pou: [(-6.35, 47.55, 1.9, 3.94), [0, 0], 1]
pou: [(-8.85, 47.55, 1.9, 3.94), [0, 0], 1]
pou: [(-11.35, 47.55, 1.9, 3.94), [0, 0], 1]
pou: [(-13.85, 47.55, 1.9, 3.94), [0, 0], 1]
pou: [(-16.35, 47.55, 1.9, 3.94), [0, 0], 1]
pou: [(-18.85, 47.55, 1.9, 3.94), [0, 0], 1]
pou: [(-21.35, 47.55, 1.9, 3.94), [0, 0], 1]
pou: [(-23.85, 47.55, 1.9, 3.94), [0, 0], 1]
pou: [(-26.35, 47.55, 1.9, 3.94), [0, 0], 1]

extrems: 2
extrems: [(1.1, 33.0, 2.3, 4.34), [6, 1], 0, 1]
extrems: [(-3.2, 29.7, 2.3, 4.34), [2, 6], 0, 2]

05.jpg
maRobot: 5
maRobot: [(22.4, 21.7, 2.3, 4.34), [2, 5], 0]
maRobot: [(22.4, 19.2, 2.3, 4.34), [2, 4], 0]
maRobot: [(22.4, 11.7, 2.3, 4.34), [0, 4], 0]
maRobot: [(22.4, 9.2, 2.3, 4.34), [5, 5], 0]
maRobot: [(22.4, 6.7, 2.3, 4.34), [3, 6], 0]

maHuma: 5
maHuma: [(-22.6, 19.2, 2.3, 4.34), [0, 3], 0]
maHuma: [(-22.6, 16.7, 2.3, 4.34), [3, 5], 0]
maHuma: [(-22.6, 11.7, 2.3, 4.34), [0, 5], 0]
maHuma: [(-22.6, 9.2, 2.3, 4.34), [0, 0], 0]
maHuma: [(-22.6, 6.7, 2.3, 4.34), [5, 6], 0]

taulell: 4
taulell: [(5.4, 33.1, 2.3, 4.34), [1, 5], 0]
taulell: [(1.1, 33.0, 2.3, 4.34), [6, 1], 0]
taulell: [(-3.2, 29.7, 2.3, 4.34), [2, 6], 0]
taulell: [(0.3, 29.6, 4.3, 2.32), [6, 6], 1]

pou: 14
pou: [(6.15, 47.55, 1.9, 3.94), [0, 0], 1]
pou: [(3.65, 47.55, 1.9, 3.94), [0, 0], 1]
pou: [(1.15, 47.55, 1.9, 3.94), [0, 0], 1]
pou: [(-1.35, 47.55, 1.9, 3.94), [0, 0], 1]
pou: [(-3.85, 47.55, 1.9, 3.94), [0, 0], 1]
pou: [(-6.35, 47.55, 1.9, 3.94), [0, 0], 1]
pou: [(-8.85, 47.55, 1.9, 3.94), [0, 0], 1]
pou: [(-11.35, 47.55, 1.9, 3.94), [0, 0], 1]
pou: [(-13.85, 47.55, 1.9, 3.94), [0, 0], 1]
pou: [(-16.35, 47.55, 1.9, 3.94), [0, 0], 1]
pou: [(-18.85, 47.55, 1.9, 3.94), [0, 0], 1]
pou: [(-21.35, 47.55, 1.9, 3.94), [0, 0], 1]
pou: [(-23.85, 47.55, 1.9, 3.94), [0, 0], 1]
pou: [(-26.35, 47.55, 1.9, 3.94), [0, 0], 1]

extrems: 2
extrems: [(5.4, 33.1, 2.3, 4.34), [1, 5], 0, 5]
extrems: [(-3.2, 29.7, 2.3, 4.34), [2, 6], 0, 2]