estatPartida={
    'maRobot':{ 
            #idFitxa : [ (x,y,amplada,alçada), [ puntsEsquerra/Dalt, puntsDreta/Baix], orientació]
            0 :[(5,5,4,2),[1,1],0],
            1 :[(5,10,4, 2),[4,4],0],
            2 :[(5,15,4, 2),[4,2],0],
            3 :[(5,220,4, 2),[2,3],0]  
    },
    'maHuma':{ 
        0 :[(5540,4,2),[1,2],0],
        1 :[(55,45,4, 2),[5,0],0] 
    },
    'taulell':{ 
        0 :[(25,23,4,2),[4,3],1],
        1 :[(23,25,4, 2),[6,3],0],
        2 :[(21,25,4, 2),[6,6],1]    
    },
    'pou':{}
}