00.jpg
{'maRobot': {}, 'maHuma': {}, 'taulell': {}, 'pou': {}, 'extrems': []}
01.jpg
{'maRobot': {0: [(22.4, 21.7, 2.3, 4.34), [2, 5], 0], 1: [(22.4, 19.2, 2.3, 4.34), [2, 4], 0], 2: [(22.4, 16.7, 2.3, 4.34), [1, 5], 0], 3: [(22.4, 14.2, 2.3, 4.34), [2, 6], 0], 4: [(22.4, 11.7, 2.3, 4.34), [0, 4], 0], 5: [(22.4, 9.2, 2.3, 4.34), [5, 5], 0], 6: [(22.4, 6.7, 2.3, 4.34), [3, 6], 0]}, 'maHuma': {0: [(-22.6, 21.7, 2.3, 4.34), [1, 6], 0], 1: [(-22.6, 19.2, 2.3, 4.34), [0, 3], 0], 2: [(-22.6, 16.7, 2.3, 4.34), [3, 5], 0], 3: [(-22.6, 14.2, 2.3, 4.34), [6, 6], 0], 4: [(-22.6, 11.7, 2.3, 4.34), [0, 5], 0], 5: [(-22.6, 9.2, 2.3, 4.34), [0, 0], 0], 6: [(-22.6, 6.7, 2.3, 4.34), [5, 6], 0]}, 'taulell': {}, 'pou': {0: [(6.15, 47.55, 1.9, 3.94), [0, 0], 1], 1: [(3.65, 47.55, 1.9, 3.94), [0, 0], 1], 2: [(1.15, 47.55, 1.9, 3.94), [0, 0], 1], 3: [(-1.35, 47.55, 1.9, 3.94), [0, 0], 1], 4: [(-3.85, 47.55, 1.9, 3.94), [0, 0], 1], 5: [(-6.35, 47.55, 1.9, 3.94), [0, 0], 1], 6: [(-8.85, 47.55, 1.9, 3.94), [0, 0], 1], 7: [(-11.35, 47.55, 1.9, 3.94), [0, 0], 1], 8: [(-13.85, 47.55, 1.9, 3.94), [0, 0], 1], 9: [(-16.35, 47.55, 1.9, 3.94), [0, 0], 1], 10: [(-18.85, 47.55, 1.9, 3.94), [0, 0], 1], 11: [(-21.35, 47.55, 1.9, 3.94), [0, 0], 1], 12: [(-23.85, 47.55, 1.9, 3.94), [0, 0], 1], 13: [(-26.35, 47.55, 1.9, 3.94), [0, 0], 1]}, 'extrems': []}
02.jpg
{'maRobot': {0: [(22.4, 21.7, 2.3, 4.34), [2, 5], 0], 1: [(22.4, 19.2, 2.3, 4.34), [2, 4], 0], 2: [(22.4, 16.7, 2.3, 4.34), [1, 5], 0], 3: [(22.4, 14.2, 2.3, 4.34), [2, 6], 0], 4: [(22.4, 11.7, 2.3, 4.34), [0, 4], 0], 5: [(22.4, 9.2, 2.3, 4.34), [5, 5], 0], 6: [(22.4, 6.7, 2.3, 4.34), [3, 6], 0]}, 'maHuma': {0: [(-22.6, 21.7, 2.3, 4.34), [1, 6], 0], 1: [(-22.6, 19.2, 2.3, 4.34), [0, 3], 0], 2: [(-22.6, 16.7, 2.3, 4.34), [3, 5], 0], 3: [(-22.6, 11.7, 2.3, 4.34), [0, 5], 0], 4: [(-22.6, 9.2, 2.3, 4.34), [0, 0], 0], 5: [(-22.6, 6.7, 2.3, 4.34), [5, 6], 0]}, 'taulell': {0: [(0.3, 29.6, 4.3, 2.32), [6, 6], 1]}, 'pou': {0: [(6.15, 47.55, 1.9, 3.94), [0, 0], 1], 1: [(3.65, 47.55, 1.9, 3.94), [0, 0], 1], 2: [(1.15, 47.55, 1.9, 3.94), [0, 0], 1], 3: [(-1.35, 47.55, 1.9, 3.94), [0, 0], 1], 4: [(-3.85, 47.55, 1.9, 3.94), [0, 0], 1], 5: [(-6.35, 47.55, 1.9, 3.94), [0, 0], 1], 6: [(-8.85, 47.55, 1.9, 3.94), [0, 0], 1], 7: [(-11.35, 47.55, 1.9, 3.94), [0, 0], 1], 8: [(-13.85, 47.55, 1.9, 3.94), [0, 0], 1], 9: [(-16.35, 47.55, 1.9, 3.94), [0, 0], 1], 10: [(-18.85, 47.55, 1.9, 3.94), [0, 0], 1], 11: [(-21.35, 47.55, 1.9, 3.94), [0, 0], 1], 12: [(-23.85, 47.55, 1.9, 3.94), [0, 0], 1], 13: [(-26.35, 47.55, 1.9, 3.94), [0, 0], 1]}, 'extrems': [[(0.3, 29.6, 4.3, 2.32), [6, 6], 1, 6]]}
03.jpg
{'maRobot': {0: [(22.4, 21.7, 2.3, 4.34), [2, 5], 0], 1: [(22.4, 19.2, 2.3, 4.34), [2, 4], 0], 2: [(22.4, 16.7, 2.3, 4.34), [1, 5], 0], 3: [(22.4, 11.7, 2.3, 4.34), [0, 4], 0], 4: [(22.4, 9.2, 2.3, 4.34), [5, 5], 0], 5: [(22.4, 6.7, 2.3, 4.34), [3, 6], 0]}, 'maHuma': {0: [(-22.6, 21.7, 2.3, 4.34), [1, 6], 0], 1: [(-22.6, 19.2, 2.3, 4.34), [0, 3], 0], 2: [(-22.6, 16.7, 2.3, 4.34), [3, 5], 0], 3: [(-22.6, 11.7, 2.3, 4.34), [0, 5], 0], 4: [(-22.6, 9.2, 2.3, 4.34), [0, 0], 0], 5: [(-22.6, 6.7, 2.3, 4.34), [5, 6], 0]}, 'taulell': {0: [(-3.2, 29.7, 2.3, 4.34), [2, 6], 0], 1: [(0.3, 29.6, 4.3, 2.32), [6, 6], 1]}, 'pou': {0: [(6.15, 47.55, 1.9, 3.94), [0, 0], 1], 1: [(3.65, 47.55, 1.9, 3.94), [0, 0], 1], 2: [(1.15, 47.55, 1.9, 3.94), [0, 0], 1], 3: [(-1.35, 47.55, 1.9, 3.94), [0, 0], 1], 4: [(-3.85, 47.55, 1.9, 3.94), [0, 0], 1], 5: [(-6.35, 47.55, 1.9, 3.94), [0, 0], 1], 6: [(-8.85, 47.55, 1.9, 3.94), [0, 0], 1], 7: [(-11.35, 47.55, 1.9, 3.94), [0, 0], 1], 8: [(-13.85, 47.55, 1.9, 3.94), [0, 0], 1], 9: [(-16.35, 47.55, 1.9, 3.94), [0, 0], 1], 10: [(-18.85, 47.55, 1.9, 3.94), [0, 0], 1], 11: [(-21.35, 47.55, 1.9, 3.94), [0, 0], 1], 12: [(-23.85, 47.55, 1.9, 3.94), [0, 0], 1], 13: [(-26.35, 47.55, 1.9, 3.94), [0, 0], 1]}, 'extrems': [[(0.3, 29.6, 4.3, 2.32), [6, 6], 1, 6], [(-3.2, 29.7, 2.3, 4.34), [2, 6], 0, 2]]}
04.jpg
{'maRobot': {0: [(22.4, 21.7, 2.3, 4.34), [2, 5], 0], 1: [(22.4, 19.2, 2.3, 4.34), [2, 4], 0], 2: [(22.4, 16.7, 2.3, 4.34), [1, 5], 0], 3: [(22.4, 11.7, 2.3, 4.34), [0, 4], 0], 4: [(22.4, 9.2, 2.3, 4.34), [5, 5], 0], 5: [(22.4, 6.7, 2.3, 4.34), [3, 6], 0]}, 'maHuma': {0: [(-22.6, 19.2, 2.3, 4.34), [0, 3], 0], 1: [(-22.6, 16.7, 2.3, 4.34), [3, 5], 0], 2: [(-22.6, 11.7, 2.3, 4.34), [0, 5], 0], 3: [(-22.6, 9.2, 2.3, 4.34), [0, 0], 0], 4: [(-22.6, 6.7, 2.3, 4.34), [5, 6], 0]}, 'taulell': {0: [(1.1, 33.0, 2.3, 4.34), [6, 1], 0], 1: [(-3.2, 29.7, 2.3, 4.34), [2, 6], 0], 2: [(0.3, 29.6, 4.3, 2.32), [6, 6], 1]}, 'pou': {0: [(6.15, 47.55, 1.9, 3.94), [0, 0], 1], 1: [(3.65, 47.55, 1.9, 3.94), [0, 0], 1], 2: [(1.15, 47.55, 1.9, 3.94), [0, 0], 1], 3: [(-1.35, 47.55, 1.9, 3.94), [0, 0], 1], 4: [(-3.85, 47.55, 1.9, 3.94), [0, 0], 1], 5: [(-6.35, 47.55, 1.9, 3.94), [0, 0], 1], 6: [(-8.85, 47.55, 1.9, 3.94), [0, 0], 1], 7: [(-11.35, 47.55, 1.9, 3.94), [0, 0], 1], 8: [(-13.85, 47.55, 1.9, 3.94), [0, 0], 1], 9: [(-16.35, 47.55, 1.9, 3.94), [0, 0], 1], 10: [(-18.85, 47.55, 1.9, 3.94), [0, 0], 1], 11: [(-21.35, 47.55, 1.9, 3.94), [0, 0], 1], 12: [(-23.85, 47.55, 1.9, 3.94), [0, 0], 1], 13: [(-26.35, 47.55, 1.9, 3.94), [0, 0], 1]}, 'extrems': [[(1.1, 33.0, 2.3, 4.34), [6, 1], 0, 1], [(-3.2, 29.7, 2.3, 4.34), [2, 6], 0, 2]]}
05.jpg
{'maRobot': {0: [(22.4, 21.7, 2.3, 4.34), [2, 5], 0], 1: [(22.4, 19.2, 2.3, 4.34), [2, 4], 0], 2: [(22.4, 11.7, 2.3, 4.34), [0, 4], 0], 3: [(22.4, 9.2, 2.3, 4.34), [5, 5], 0], 4: [(22.4, 6.7, 2.3, 4.34), [3, 6], 0]}, 'maHuma': {0: [(-22.6, 19.2, 2.3, 4.34), [0, 3], 0], 1: [(-22.6, 16.7, 2.3, 4.34), [3, 5], 0], 2: [(-22.6, 11.7, 2.3, 4.34), [0, 5], 0], 3: [(-22.6, 9.2, 2.3, 4.34), [0, 0], 0], 4: [(-22.6, 6.7, 2.3, 4.34), [5, 6], 0]}, 'taulell': {0: [(5.4, 33.1, 2.3, 4.34), [1, 5], 0], 1: [(1.1, 33.0, 2.3, 4.34), [6, 1], 0], 2: [(-3.2, 29.7, 2.3, 4.34), [2, 6], 0], 3: [(0.3, 29.6, 4.3, 2.32), [6, 6], 1]}, 'pou': {0: [(6.15, 47.55, 1.9, 3.94), [0, 0], 1], 1: [(3.65, 47.55, 1.9, 3.94), [0, 0], 1], 2: [(1.15, 47.55, 1.9, 3.94), [0, 0], 1], 3: [(-1.35, 47.55, 1.9, 3.94), [0, 0], 1], 4: [(-3.85, 47.55, 1.9, 3.94), [0, 0], 1], 5: [(-6.35, 47.55, 1.9, 3.94), [0, 0], 1], 6: [(-8.85, 47.55, 1.9, 3.94), [0, 0], 1], 7: [(-11.35, 47.55, 1.9, 3.94), [0, 0], 1], 8: [(-13.85, 47.55, 1.9, 3.94), [0, 0], 1], 9: [(-16.35, 47.55, 1.9, 3.94), [0, 0], 1], 10: [(-18.85, 47.55, 1.9, 3.94), [0, 0], 1], 11: [(-21.35, 47.55, 1.9, 3.94), [0, 0], 1], 12: [(-23.85, 47.55, 1.9, 3.94), [0, 0], 1], 13: [(-26.35, 47.55, 1.9, 3.94), [0, 0], 1]}, 'extrems': [[(5.4, 33.1, 2.3, 4.34), [1, 5], 0, 5], [(-3.2, 29.7, 2.3, 4.34), [2, 6], 0, 2]]}