00.jpg
maRobot: 0

maHuma: 0

taulell: 0

pou: 0

extrems: 0

01.jpg
maRobot: 7
maRobot: [(22.4, 21.7, 2.3, 4.34), [2, 5], 0]
maRobot: [(22.4, 19.2, 2.3, 4.34), [2, 4], 0]
maRobot: [(22.4, 16.7, 2.3, 4.34), [1, 5], 0]
maRobot: [(22.4, 14.2, 2.3, 4.34), [2, 6], 0]
maRobot: [(22.4, 11.7, 2.3, 4.34), [0, 4], 0]
maRobot: [(22.4, 9.2, 2.3, 4.34), [5, 5], 0]
maRobot: [(22.4, 6.7, 2.3, 4.34), [3, 6], 0]

maHuma: 7
maHuma: [(-22.6, 21.7, 2.3, 4.34), [1, 6], 0]
maHuma: [(-22.6, 19.2, 2.3, 4.34), [0, 3], 0]
maHuma: [(-22.6, 16.7, 2.3, 4.34), [3, 5], 0]
maHuma: [(-22.6, 14.2, 2.3, 4.34), [6, 6], 0]
maHuma: [(-22.6, 11.7, 2.3, 4.34), [0, 5], 0]
maHuma: [(-22.6, 9.2, 2.3, 4.34), [0, 0], 0]
maHuma: [(-22.6, 6.7, 2.3, 4.34), [5, 6], 0]

taulell: 0

pou: 28
pou: [(9.125, 46.625, 0.14, 0.07), [0, 0], 1]
pou: [(-29.225, 46.625, 0.07, 0.14), [0, 0], 0]
pou: [(-29.975, 47.275, 0.07, 0.14), [0, 0], 0]
pou: [(-29.75, 47.5, 0.0, 0.1), [0, 0], 0]
pou: [(9.1, 48.7, 0.0, 0.0), [0, 0], 0]
pou: [(7.808, 50.106, 0.3, 0.81), [0, 0], 0]
pou: [(7.0, 50.45, 0.4, 0.1), [0, 0], 1]
pou: [(-10.8, 47.8, 5.4, 36.53), [0, 0], 0]
pou: [(6.35, 50.5, 0.1, 0.2), [0, 0], 0]
pou: [(-25.8, 50.9, 0.0, 0.0), [0, 0], 0]
pou: [(5.7, 51.25, 0.0, 0.1), [0, 0], 0]
pou: [(6.6, 51.35, 0.0, 0.1), [0, 0], 0]
pou: [(4.25, 52.3, 0.0, 0.1), [0, 0], 0]
pou: [(-23.0, 52.35, 0.0, 0.1), [0, 0], 0]
pou: [(-23.7, 52.4, 0.0, 0.0), [0, 0], 0]
pou: [(4.7, 52.8, 0.0, 0.0), [0, 0], 0]
pou: [(-21.225, 53.075, 0.14, 0.21), [0, 0], 0]
pou: [(1.45, 53.4, 0.0, 0.1), [0, 0], 0]
pou: [(4.025, 53.525, 0.28, 0.21), [0, 0], 1]
pou: [(-17.325, 53.825, 0.07, 0.14), [0, 0], 0]
pou: [(-18.2, 53.85, 0.0, 0.1), [0, 0], 0]
pou: [(-19.2, 53.8, 0.14, 0.14), [0, 0], 0]
pou: [(-19.95, 54.1, 0.0, 0.1), [0, 0], 0]
pou: [(-17.05, 54.2, 0.0, 0.1), [0, 0], 0]
pou: [(-18.65, 54.4, 0.1, 0.2), [0, 0], 0]
pou: [(-6.5, 54.55, 0.0, 0.1), [0, 0], 0]
pou: [(-1.35, 55.0, 0.0, 0.1), [0, 0], 0]
pou: [(-13.0, 55.0, 0.0, 0.0), [0, 0], 0]

extrems: 0

02.jpg
maRobot: 7
maRobot: [(22.4, 21.7, 2.3, 4.34), [2, 5], 0]
maRobot: [(22.4, 19.2, 2.3, 4.34), [2, 4], 0]
maRobot: [(22.4, 16.7, 2.3, 4.34), [1, 5], 0]
maRobot: [(22.4, 14.2, 2.3, 4.34), [2, 6], 0]
maRobot: [(22.4, 11.7, 2.3, 4.34), [0, 4], 0]
maRobot: [(22.4, 9.2, 2.3, 4.34), [5, 5], 0]
maRobot: [(22.4, 6.7, 2.3, 4.34), [3, 6], 0]

maHuma: 6
maHuma: [(-22.6, 21.7, 2.3, 4.34), [1, 6], 0]
maHuma: [(-22.6, 19.2, 2.3, 4.34), [0, 3], 0]
maHuma: [(-22.6, 16.7, 2.3, 4.34), [3, 5], 0]
maHuma: [(-22.6, 11.7, 2.3, 4.34), [0, 5], 0]
maHuma: [(-22.6, 9.2, 2.3, 4.34), [0, 0], 0]
maHuma: [(-22.6, 6.7, 2.3, 4.34), [5, 6], 0]

taulell: 1
taulell: [(0.3, 29.6, 4.3, 2.32), [6, 6], 1]

pou: 28
pou: [(9.125, 46.625, 0.14, 0.07), [0, 0], 1]
pou: [(-29.225, 46.625, 0.07, 0.14), [0, 0], 0]
pou: [(-29.975, 47.275, 0.07, 0.14), [0, 0], 0]
pou: [(-29.75, 47.5, 0.0, 0.1), [0, 0], 0]
pou: [(9.1, 48.7, 0.0, 0.0), [0, 0], 0]
pou: [(7.808, 50.106, 0.3, 0.81), [0, 0], 0]
pou: [(7.0, 50.45, 0.4, 0.1), [0, 0], 1]
pou: [(-10.8, 47.8, 5.4, 36.53), [0, 0], 0]
pou: [(6.35, 50.5, 0.1, 0.2), [0, 0], 0]
pou: [(-25.8, 50.9, 0.0, 0.0), [0, 0], 0]
pou: [(5.7, 51.25, 0.0, 0.1), [0, 0], 0]
pou: [(6.6, 51.35, 0.0, 0.1), [0, 0], 0]
pou: [(4.25, 52.3, 0.0, 0.1), [0, 0], 0]
pou: [(-23.0, 52.35, 0.0, 0.1), [0, 0], 0]
pou: [(-23.7, 52.4, 0.0, 0.0), [0, 0], 0]
pou: [(4.7, 52.8, 0.0, 0.0), [0, 0], 0]
pou: [(-21.225, 53.075, 0.14, 0.21), [0, 0], 0]
pou: [(1.45, 53.4, 0.0, 0.1), [0, 0], 0]
pou: [(4.025, 53.525, 0.28, 0.21), [0, 0], 1]
pou: [(-17.325, 53.825, 0.07, 0.14), [0, 0], 0]
pou: [(-18.2, 53.85, 0.0, 0.1), [0, 0], 0]
pou: [(-19.2, 53.8, 0.14, 0.14), [0, 0], 0]
pou: [(-19.95, 54.1, 0.0, 0.1), [0, 0], 0]
pou: [(-17.05, 54.2, 0.0, 0.1), [0, 0], 0]
pou: [(-18.65, 54.4, 0.1, 0.2), [0, 0], 0]
pou: [(-6.5, 54.55, 0.0, 0.1), [0, 0], 0]
pou: [(-1.35, 55.0, 0.0, 0.1), [0, 0], 0]
pou: [(-13.0, 55.0, 0.0, 0.0), [0, 0], 0]

extrems: 1
extrems: [(0.3, 29.6, 4.3, 2.32), [6, 6], 1, 6]

03.jpg
maRobot: 6
maRobot: [(22.4, 21.7, 2.3, 4.34), [2, 5], 0]
maRobot: [(22.4, 19.2, 2.3, 4.34), [2, 4], 0]
maRobot: [(22.4, 16.7, 2.3, 4.34), [1, 5], 0]
maRobot: [(22.4, 11.7, 2.3, 4.34), [0, 4], 0]
maRobot: [(22.4, 9.2, 2.3, 4.34), [5, 5], 0]
maRobot: [(22.4, 6.7, 2.3, 4.34), [3, 6], 0]

maHuma: 6
maHuma: [(-22.6, 21.7, 2.3, 4.34), [1, 6], 0]
maHuma: [(-22.6, 19.2, 2.3, 4.34), [0, 3], 0]
maHuma: [(-22.6, 16.7, 2.3, 4.34), [3, 5], 0]
maHuma: [(-22.6, 11.7, 2.3, 4.34), [0, 5], 0]
maHuma: [(-22.6, 9.2, 2.3, 4.34), [0, 0], 0]
maHuma: [(-22.6, 6.7, 2.3, 4.34), [5, 6], 0]

taulell: 2
taulell: [(-3.2, 29.7, 2.3, 4.34), [2, 6], 0]
taulell: [(0.3, 29.6, 4.3, 2.32), [6, 6], 1]

pou: 28
pou: [(9.125, 46.625, 0.14, 0.07), [0, 0], 1]
pou: [(-29.225, 46.625, 0.07, 0.14), [0, 0], 0]
pou: [(-29.975, 47.275, 0.07, 0.14), [0, 0], 0]
pou: [(-29.75, 47.5, 0.0, 0.1), [0, 0], 0]
pou: [(9.1, 48.7, 0.0, 0.0), [0, 0], 0]
pou: [(7.808, 50.106, 0.3, 0.81), [0, 0], 0]
pou: [(7.0, 50.45, 0.4, 0.1), [0, 0], 1]
pou: [(-10.8, 47.8, 5.4, 36.53), [0, 0], 0]
pou: [(6.35, 50.5, 0.1, 0.2), [0, 0], 0]
pou: [(-25.8, 50.9, 0.0, 0.0), [0, 0], 0]
pou: [(5.7, 51.25, 0.0, 0.1), [0, 0], 0]
pou: [(6.6, 51.35, 0.0, 0.1), [0, 0], 0]
pou: [(4.25, 52.3, 0.0, 0.1), [0, 0], 0]
pou: [(-23.0, 52.35, 0.0, 0.1), [0, 0], 0]
pou: [(-23.7, 52.4, 0.0, 0.0), [0, 0], 0]
pou: [(4.7, 52.8, 0.0, 0.0), [0, 0], 0]
pou: [(-21.225, 53.075, 0.14, 0.21), [0, 0], 0]
pou: [(1.45, 53.4, 0.0, 0.1), [0, 0], 0]
pou: [(4.025, 53.525, 0.28, 0.21), [0, 0], 1]
pou: [(-17.325, 53.825, 0.07, 0.14), [0, 0], 0]
pou: [(-18.2, 53.85, 0.0, 0.1), [0, 0], 0]
pou: [(-19.2, 53.8, 0.14, 0.14), [0, 0], 0]
pou: [(-19.95, 54.1, 0.0, 0.1), [0, 0], 0]
pou: [(-17.05, 54.2, 0.0, 0.1), [0, 0], 0]
pou: [(-18.65, 54.4, 0.1, 0.2), [0, 0], 0]
pou: [(-6.5, 54.55, 0.0, 0.1), [0, 0], 0]
pou: [(-1.35, 55.0, 0.0, 0.1), [0, 0], 0]
pou: [(-13.0, 55.0, 0.0, 0.0), [0, 0], 0]

extrems: 2
extrems: [(0.3, 29.6, 4.3, 2.32), [6, 6], 1, 6]
extrems: [(-3.2, 29.7, 2.3, 4.34), [2, 6], 0, 2]

04.jpg
maRobot: 6
maRobot: [(22.4, 21.7, 2.3, 4.34), [2, 5], 0]
maRobot: [(22.4, 19.2, 2.3, 4.34), [2, 4], 0]
maRobot: [(22.4, 16.7, 2.3, 4.34), [1, 5], 0]
maRobot: [(22.4, 11.7, 2.3, 4.34), [0, 4], 0]
maRobot: [(22.4, 9.2, 2.3, 4.34), [5, 5], 0]
maRobot: [(22.4, 6.7, 2.3, 4.34), [3, 6], 0]

maHuma: 5
maHuma: [(-22.6, 19.2, 2.3, 4.34), [0, 3], 0]
maHuma: [(-22.6, 16.7, 2.3, 4.34), [3, 5], 0]
maHuma: [(-22.6, 11.7, 2.3, 4.34), [0, 5], 0]
maHuma: [(-22.6, 9.2, 2.3, 4.34), [0, 0], 0]
maHuma: [(-22.6, 6.7, 2.3, 4.34), [5, 6], 0]

taulell: 3
taulell: [(1.1, 33.0, 2.3, 4.34), [6, 1], 0]
taulell: [(-3.2, 29.7, 2.3, 4.34), [2, 6], 0]
taulell: [(0.3, 29.6, 4.3, 2.32), [6, 6], 1]

pou: 28
pou: [(9.125, 46.625, 0.14, 0.07), [0, 0], 1]
pou: [(-29.225, 46.625, 0.07, 0.14), [0, 0], 0]
pou: [(-29.975, 47.275, 0.07, 0.14), [0, 0], 0]
pou: [(-29.75, 47.5, 0.0, 0.1), [0, 0], 0]
pou: [(9.1, 48.7, 0.0, 0.0), [0, 0], 0]
pou: [(7.808, 50.106, 0.3, 0.81), [0, 0], 0]
pou: [(7.0, 50.45, 0.4, 0.1), [0, 0], 1]
pou: [(-10.8, 47.8, 5.4, 36.53), [0, 0], 0]
pou: [(6.35, 50.5, 0.1, 0.2), [0, 0], 0]
pou: [(-25.8, 50.9, 0.0, 0.0), [0, 0], 0]
pou: [(5.7, 51.25, 0.0, 0.1), [0, 0], 0]
pou: [(6.6, 51.35, 0.0, 0.1), [0, 0], 0]
pou: [(4.25, 52.3, 0.0, 0.1), [0, 0], 0]
pou: [(-23.0, 52.35, 0.0, 0.1), [0, 0], 0]
pou: [(-23.7, 52.4, 0.0, 0.0), [0, 0], 0]
pou: [(4.7, 52.8, 0.0, 0.0), [0, 0], 0]
pou: [(-21.225, 53.075, 0.14, 0.21), [0, 0], 0]
pou: [(1.45, 53.4, 0.0, 0.1), [0, 0], 0]
pou: [(4.025, 53.525, 0.28, 0.21), [0, 0], 1]
pou: [(-17.325, 53.825, 0.07, 0.14), [0, 0], 0]
pou: [(-18.2, 53.85, 0.0, 0.1), [0, 0], 0]
pou: [(-19.2, 53.8, 0.14, 0.14), [0, 0], 0]
pou: [(-19.95, 54.1, 0.0, 0.1), [0, 0], 0]
pou: [(-17.05, 54.2, 0.0, 0.1), [0, 0], 0]
pou: [(-18.65, 54.4, 0.1, 0.2), [0, 0], 0]
pou: [(-6.5, 54.55, 0.0, 0.1), [0, 0], 0]
pou: [(-1.35, 55.0, 0.0, 0.1), [0, 0], 0]
pou: [(-13.0, 55.0, 0.0, 0.0), [0, 0], 0]

extrems: 2
extrems: [(1.1, 33.0, 2.3, 4.34), [6, 1], 0, 1]
extrems: [(-3.2, 29.7, 2.3, 4.34), [2, 6], 0, 2]

05.jpg
maRobot: 5
maRobot: [(22.4, 21.7, 2.3, 4.34), [2, 5], 0]
maRobot: [(22.4, 19.2, 2.3, 4.34), [2, 4], 0]
maRobot: [(22.4, 11.7, 2.3, 4.34), [0, 4], 0]
maRobot: [(22.4, 9.2, 2.3, 4.34), [5, 5], 0]
maRobot: [(22.4, 6.7, 2.3, 4.34), [3, 6], 0]

maHuma: 5
maHuma: [(-22.6, 19.2, 2.3, 4.34), [0, 3], 0]
maHuma: [(-22.6, 16.7, 2.3, 4.34), [3, 5], 0]
maHuma: [(-22.6, 11.7, 2.3, 4.34), [0, 5], 0]
maHuma: [(-22.6, 9.2, 2.3, 4.34), [0, 0], 0]
maHuma: [(-22.6, 6.7, 2.3, 4.34), [5, 6], 0]

taulell: 4
taulell: [(5.4, 33.1, 2.3, 4.34), [1, 5], 0]
taulell: [(1.1, 33.0, 2.3, 4.34), [6, 1], 0]
taulell: [(-3.2, 29.7, 2.3, 4.34), [2, 6], 0]
taulell: [(0.3, 29.6, 4.3, 2.32), [6, 6], 1]

pou: 28
pou: [(9.125, 46.625, 0.14, 0.07), [0, 0], 1]
pou: [(-29.225, 46.625, 0.07, 0.14), [0, 0], 0]
pou: [(-29.975, 47.275, 0.07, 0.14), [0, 0], 0]
pou: [(-29.75, 47.5, 0.0, 0.1), [0, 0], 0]
pou: [(9.1, 48.7, 0.0, 0.0), [0, 0], 0]
pou: [(7.808, 50.106, 0.3, 0.81), [0, 0], 0]
pou: [(7.0, 50.45, 0.4, 0.1), [0, 0], 1]
pou: [(-10.8, 47.8, 5.4, 36.53), [0, 0], 0]
pou: [(6.35, 50.5, 0.1, 0.2), [0, 0], 0]
pou: [(-25.8, 50.9, 0.0, 0.0), [0, 0], 0]
pou: [(5.7, 51.25, 0.0, 0.1), [0, 0], 0]
pou: [(6.6, 51.35, 0.0, 0.1), [0, 0], 0]
pou: [(4.25, 52.3, 0.0, 0.1), [0, 0], 0]
pou: [(-23.0, 52.35, 0.0, 0.1), [0, 0], 0]
pou: [(-23.7, 52.4, 0.0, 0.0), [0, 0], 0]
pou: [(4.7, 52.8, 0.0, 0.0), [0, 0], 0]
pou: [(-21.225, 53.075, 0.14, 0.21), [0, 0], 0]
pou: [(1.45, 53.4, 0.0, 0.1), [0, 0], 0]
pou: [(4.025, 53.525, 0.28, 0.21), [0, 0], 1]
pou: [(-17.325, 53.825, 0.07, 0.14), [0, 0], 0]
pou: [(-18.2, 53.85, 0.0, 0.1), [0, 0], 0]
pou: [(-19.2, 53.8, 0.14, 0.14), [0, 0], 0]
pou: [(-19.95, 54.1, 0.0, 0.1), [0, 0], 0]
pou: [(-17.05, 54.2, 0.0, 0.1), [0, 0], 0]
pou: [(-18.65, 54.4, 0.1, 0.2), [0, 0], 0]
pou: [(-6.5, 54.55, 0.0, 0.1), [0, 0], 0]
pou: [(-1.35, 55.0, 0.0, 0.1), [0, 0], 0]
pou: [(-13.0, 55.0, 0.0, 0.0), [0, 0], 0]

extrems: 2
extrems: [(5.4, 33.1, 2.3, 4.34), [1, 5], 0, 5]
extrems: [(-3.2, 29.7, 2.3, 4.34), [2, 6], 0, 2]